@0000
00 10 00 20 E5 04 00 00 5B 01 00 00 5B 01 00 00 
00 00 00 00 00 00 00 00 00 00 00 00 00 00 00 00 
00 00 00 00 00 00 00 00 00 00 00 00 5B 01 00 00 
00 00 00 00 00 00 00 00 5B 01 00 00 5B 01 00 00 
5B 01 00 00 11 04 00 00 5B 01 00 00 00 00 00 00 
5B 01 00 00 00 00 00 00 00 00 00 00 00 00 00 00 
00 00 00 00 5B 01 00 00 00 00 00 00 00 00 00 00 
00 00 00 00 5B 01 00 00 00 00 00 00 B5 03 00 00 
5B 01 00 00 00 00 00 00 5B 01 00 00 00 00 00 00 
5B 01 00 00 00 00 00 00 00 00 00 00 00 00 00 00 
5B 01 00 00 5B 01 00 00 00 00 00 00 00 00 00 00 
00 00 00 00 00 00 00 00 00 00 00 00 5B 01 00 00 
00 2A 49 D0 84 46 8B 07 1C D1 83 07 22 D1 10 2A 
08 D3 70 B4 10 3A 78 C9 78 C0 10 3A FB D2 70 BC 
10 32 38 D0 04 2A 2C D3 08 2A 05 D3 0C 2A 01 D3 
08 C9 08 C0 08 C9 08 C0 08 C9 08 C0 92 07 2A D0 
92 0F 22 E0 0B 78 03 70 49 1C 40 1C 52 1E 22 D0 
8B 07 F7 D1 C3 07 14 D1 83 07 D8 D0 12 1F 12 D3 
08 C9 03 80 1B 0C 43 80 00 1D 12 1F F8 D2 0A E0 
08 C9 03 70 1B 0A 43 70 1B 0A 83 70 1B 0A C3 70 
00 1D 12 1F F4 D2 12 1D 05 D0 0B 78 03 70 49 1C 
40 1C 52 1E F9 D1 60 46 70 47 FE E7 82 B0 1D 4D 
01 26 F7 06 1C 4C 00 F0 98 F9 1C 48 02 21 00 91 
01 60 01 96 F1 03 1A 4A 11 60 01 60 19 4E 00 20 
30 70 30 78 00 28 12 D1 20 46 00 F0 A2 F9 2F 60 
30 78 00 28 0B D1 20 46 00 F0 9B F9 2F 60 30 78 
00 28 04 D1 20 46 00 F0 94 F9 2F 60 E9 E7 28 46 
10 38 07 60 20 3D 01 98 40 03 28 60 20 46 00 F0 
88 F9 09 48 00 99 01 60 08 49 41 60 30 BF 30 BF 
30 BF FB E7 B0 12 0A 40 00 12 7A 00 00 E1 00 E0 
80 E2 00 E0 00 00 00 20 00 03 0B 40 01 00 00 E4 
F0 B5 44 1C 00 78 00 23 08 2B 30 D0 25 78 C6 07 
0F D1 66 78 2D 01 37 09 7F 19 0F 25 35 40 ED 1C 
12 2D 0B D1 02 25 66 57 F5 B2 00 2E 08 D4 E6 1C 
0C E0 64 1C 4E 1C 0D 70 31 46 15 E0 A6 1C 06 E0 
26 1D E4 78 7F 22 15 40 E2 01 55 19 12 35 09 4A 
97 42 0E D0 FC 43 00 2D 05 D0 0A 5D 4F 1C 0A 70 
6D 1E 39 46 F7 E7 34 46 40 08 5B 1C CC E7 20 46 
C7 E7 F0 BD FF 0F 00 00 10 B5 15 49 15 4C 20 46 
00 F0 1D F9 14 49 20 46 00 F0 5A F8 13 48 01 68 
03 22 D2 03 91 43 01 60 01 69 11 4A 0A 40 D0 32 
02 61 41 69 15 22 0A 43 2A 21 8A 43 42 61 41 68 
01 22 11 40 43 68 93 43 59 18 41 60 09 49 0B 68 
94 02 1C 43 0C 60 01 68 11 43 01 60 10 BD C0 46 
FA 04 00 00 00 80 10 40 F0 04 00 00 00 91 10 40 
00 00 FF FF 28 90 10 40 0E 48 82 21 81 62 0E 49 
41 62 0E 49 41 60 81 21 81 63 01 60 0C 48 0D 49 
01 60 01 63 0C 48 01 68 01 22 53 07 0B 43 03 60 
0A 48 01 6A 92 03 11 43 01 62 01 68 11 43 01 60 
70 47 C0 46 38 80 42 40 82 00 04 00 81 00 06 00 
A0 12 0A 40 00 20 00 08 90 13 0A 40 28 10 0A 40 
70 B5 11 22 13 02 C2 18 C4 58 01 25 AC 43 C4 50 
0C 88 8D 78 25 43 8C 88 2C 43 C5 58 08 4E 2E 40 
08 4D 25 40 AC 19 C4 50 88 79 CB 79 03 43 08 7A 
18 43 51 68 7E 23 99 43 18 40 08 18 50 60 70 BD 
E7 98 FD FF 18 67 00 00 70 B5 0A 48 0A 4C 84 42 
0C D0 0A 4D 0A 4E B5 42 08 D0 2A 68 69 68 50 1C 
12 78 92 00 A2 58 90 47 08 35 F4 E7 00 BF 00 BF 
70 BD C0 46 0C 05 00 00 00 05 00 00 1C 05 00 00 
2C 05 00 00 07 48 00 68 C0 B2 0B 28 09 D1 06 48 
00 68 06 49 08 70 08 78 22 28 02 D1 04 48 01 21 
01 70 70 47 20 90 10 40 24 91 10 40 01 00 00 20 
00 00 00 20 80 B5 06 48 06 49 41 60 06 4A 51 60 
06 49 01 60 11 60 10 20 00 F0 6B F8 80 BD C0 46 
00 08 0A 40 03 00 00 B1 00 88 10 40 01 00 00 26 
06 48 00 68 01 28 07 D1 05 48 00 68 C0 B2 0F 28 
02 D1 04 48 01 21 01 70 70 47 C0 46 30 11 40 40 
20 10 0A 40 00 00 00 20 08 48 80 F3 08 88 00 BF 
00 BF 00 F0 51 F8 00 28 01 D0 FF F7 95 FF 00 20 
FF F7 84 FE 01 20 00 F0 49 F8 C0 46 00 10 00 20 
06 48 00 21 01 60 06 48 01 68 03 22 91 43 01 60 
41 68 0F 22 91 43 41 60 70 47 C0 46 08 03 0B 40 
00 01 0B 40 03 22 80 58 00 28 05 D0 40 1E 4A 1C 
00 23 0B 70 11 46 F7 E7 70 47 80 B5 FF F7 A2 FF 
FF F7 1A FF FF F7 DC FF FF F7 DE FE 80 BD 10 B5 
01 22 12 03 83 18 0C 78 9C 60 49 78 81 50 10 BD 
80 B5 0B 46 03 21 42 58 C1 1D 18 46 00 F0 06 F8 
80 BD 80 1E 00 1F 00 BF FC D2 70 47 80 B5 FF F7 
EF FD 80 BD A8 E7 70 47 01 20 70 47 00 BF FE E7 
00 00 18 00 00 00 00 30 00 00 08 00 00 00 00 00 
F1 01 00 00 C1 04 00 00 85 04 00 00 02 00 00 00 
01 00 00 00 00 01 00 FF F0 00 00 00 0C 05 00 00 
00 00 00 20 14 05 00 00 01 00 00 20 00 00 00 00 
q
