@1800
00 04 00 20 01 1F 00 00 8B 1F 00 00 8B 1F 00 00 
00 00 00 00 00 00 00 00 00 00 00 00 00 00 00 00 
00 00 00 00 00 00 00 00 00 00 00 00 8B 1F 00 00 
00 00 00 00 00 00 00 00 8B 1F 00 00 8B 1F 00 00 
8B 1F 00 00 A9 1E 00 00 8B 1F 00 00 00 00 00 00 
8B 1F 00 00 00 00 00 00 00 00 00 00 00 00 00 00 
00 00 00 00 8B 1F 00 00 00 00 00 00 00 00 00 00 
00 00 00 00 00 00 00 00 00 00 00 00 91 1A 00 00 
8B 1F 00 00 00 00 00 00 8B 1F 00 00 00 00 00 00 
00 00 00 00 00 00 00 00 00 00 00 00 00 00 00 00 
8B 1F 00 00 00 00 00 00 00 00 00 00 00 00 00 00 
00 00 00 00 00 00 00 00 00 00 00 00 8B 1F 00 00 
F8 B5 45 1C 00 78 00 23 08 2B 32 D0 2F 78 C2 07 
0C D1 6A 78 0F 24 14 40 E4 1C 12 2C 0B D1 02 24 
2E 57 F4 B2 00 2E 08 D4 EE 1C 0E E0 6D 1C 4A 1C 
0F 70 11 46 1A E0 AE 1C 08 E0 2E 1D ED 78 00 95 
7F 25 2C 40 00 9D ED 01 2C 19 12 34 3D 01 12 09 
52 19 09 4D AA 42 0E D0 D2 43 00 2C 05 D0 8D 5C 
4F 1C 0D 70 64 1E 39 46 F7 E7 35 46 40 08 5B 1C 
CA E7 28 46 C5 E7 F8 BD FF 0F 00 00 80 B5 8A B0 
1B 20 05 21 00 F0 0E FA 00 22 03 92 01 92 01 20 
07 90 C1 04 05 91 00 91 43 04 04 93 1A 20 03 21 
00 F0 BA F8 03 99 04 9A 05 9B 00 91 10 20 00 F0 
0D F9 16 20 00 F0 38 FA 07 98 81 05 06 91 0C 48 
08 90 00 F0 49 FA 06 99 08 98 00 F0 15 FA 08 98 
02 21 00 F0 4D FA 07 99 08 98 09 04 09 91 00 F0 
C5 F9 08 98 09 99 00 F0 CF F9 0A B0 80 BD C0 46 
00 00 0A 40 80 B5 84 B0 03 90 02 91 01 92 03 98 
0B 49 40 18 02 99 0B 4A 00 F0 54 F9 03 98 0A 49 
40 18 01 99 3F 22 00 F0 4D F9 03 99 07 4A 88 18 
89 58 01 22 11 40 00 F0 45 F9 04 B0 80 BD C0 46 
10 11 00 00 FF FF 00 00 14 11 00 00 04 11 00 00 
70 B5 11 22 13 02 C2 18 C4 58 01 25 AC 43 C4 50 
0C 88 8D 78 25 43 8C 88 2C 43 C5 58 08 4E 2E 40 
08 4D 25 40 74 19 C4 50 88 79 CB 79 03 43 08 7A 
18 43 51 68 7E 23 99 43 18 40 08 18 50 60 70 BD 
E7 98 FD FF 18 67 00 00 80 B5 82 B0 0D 49 0E 48 
01 90 00 F0 72 FA 01 98 0C 49 FF F7 D1 FF 01 98 
00 21 00 F0 53 F9 01 98 9C 21 10 22 FF F7 A2 FF 
01 98 01 21 89 02 00 F0 91 F9 01 98 00 F0 20 FA 
02 B0 80 BD A2 1F 00 00 00 80 10 40 98 1F 00 00 
80 B5 82 B0 0E 48 00 F0 47 FA 0B 28 14 D1 FF E7 
0B 48 00 F0 23 FA 01 46 0A 48 01 70 00 78 22 28 
09 D1 FF E7 00 20 01 21 01 91 00 F0 EF F8 01 98 
00 F0 14 F9 FF E7 00 E0 FF E7 02 B0 80 BD C0 46 
00 80 10 40 00 00 00 20 10 B5 84 B0 07 9C 06 9C 
03 90 02 91 01 92 00 93 02 98 01 99 08 43 00 99 
08 43 06 99 08 43 07 99 08 43 04 49 08 43 03 99 
89 00 03 4A 88 50 04 B0 10 BD C0 46 80 00 04 00 
04 80 42 40 80 B5 82 B0 00 20 01 90 00 F0 FA F9 
01 20 00 F0 7D F8 0F 20 00 90 00 F0 63 F8 00 98 
00 F0 76 F8 FF E7 04 48 00 F0 1A FA 01 20 81 05 
02 48 00 F0 81 F9 F6 E7 00 1B B7 00 00 00 0A 40 
70 B5 0A 48 0A 4C 84 42 0C D0 0A 4D 0A 4E B5 42 
08 D0 2A 68 69 68 50 1C 12 78 92 00 A2 58 90 47 
08 35 F4 E7 00 BF 00 BF 70 BD C0 46 B0 1F 00 00 
A8 1F 00 00 B8 1F 00 00 C0 1F 00 00 10 B5 84 B0 
06 9C 03 90 02 91 01 92 00 93 02 98 01 99 08 43 
00 99 08 43 06 99 08 43 03 49 08 43 03 99 89 00 
02 4A 88 50 04 B0 10 BD 81 00 04 00 04 80 42 40 
80 B5 82 B0 09 48 00 90 00 F0 1A F9 08 48 01 90 
00 F0 5E F9 00 98 00 F0 FB F8 01 98 00 F0 4C F9 
10 20 00 F0 C5 F9 02 B0 80 BD C0 46 00 00 0A 40 
00 80 10 40 81 B0 01 46 68 46 01 70 00 21 40 56 
00 28 09 D4 FF E7 68 46 01 78 1F 20 01 40 01 20 
88 40 02 49 08 60 FF E7 01 B0 70 47 80 E2 00 E0 
81 B0 01 46 68 46 01 70 00 21 40 56 00 28 09 D4 
FF E7 68 46 01 78 1F 20 01 40 01 20 88 40 02 49 
08 60 FF E7 01 B0 70 47 00 E1 00 E0 84 B0 03 90 
02 91 01 92 03 98 00 68 00 90 00 98 01 99 88 43 
00 90 00 98 02 99 01 9A 11 40 08 43 03 99 08 60 
04 B0 70 47 84 B0 03 90 02 91 01 92 03 98 00 68 
00 90 00 98 01 99 88 43 00 90 00 98 02 99 01 9A 
11 40 08 43 03 99 08 60 04 B0 70 47 80 B5 82 B0 
0A 46 01 46 01 A8 01 70 69 46 0A 70 00 78 80 00 
03 4A 80 18 09 78 FF 22 FF F7 C8 FF 02 B0 80 BD 
00 04 0B 40 08 48 80 F3 08 88 00 BF 00 BF 00 F0 
60 F9 00 28 01 D0 FF F7 3B FF 00 20 FF F7 1A FF 
01 20 00 F0 4F F9 C0 46 00 04 00 20 81 B0 00 90 
00 98 03 49 08 60 03 49 03 48 08 60 01 B0 70 47 
00 03 0B 40 04 03 0B 40 01 00 00 E4 80 B5 82 B0 
01 90 00 91 01 98 11 21 09 02 40 18 00 99 03 22 
D2 03 FF F7 A7 FF 02 B0 80 BD 00 00 82 B0 01 90 
00 91 00 9B 01 99 03 4A 88 58 18 43 88 50 02 B0 
70 47 C0 46 48 10 00 00 82 B0 01 90 00 91 00 9B 
01 99 03 4A 88 58 18 43 88 50 02 B0 70 47 C0 46 
28 10 00 00 82 B0 01 90 00 91 00 98 80 21 08 43 
01 99 89 00 01 4A 88 50 02 B0 70 47 04 80 42 40 
80 B5 82 B0 01 46 01 A8 01 70 01 78 02 48 03 22 
FF F7 70 FF 02 B0 80 BD 00 01 0B 40 82 B0 01 90 
00 91 00 9B 01 99 03 4A 88 58 18 43 88 50 02 B0 
70 47 C0 46 28 10 00 00 82 B0 01 90 00 91 00 98 
01 99 02 4A 88 50 02 B0 70 47 C0 46 D0 12 00 00 
81 B0 00 90 00 99 01 20 C2 02 02 48 88 50 01 B0 
70 47 C0 46 01 00 00 26 81 B0 00 90 00 98 81 00 
02 4A 81 20 88 50 01 B0 70 47 C0 46 04 80 42 40 
81 B0 00 90 00 99 02 4A 02 48 88 50 01 B0 70 47 
04 08 00 00 03 00 00 B1 82 B0 01 90 00 91 00 98 
01 99 02 4A 88 50 02 B0 70 47 C0 46 90 12 00 00 
82 B0 01 90 00 91 00 9B 01 99 9D 20 42 01 88 58 
18 43 88 50 02 B0 70 47 82 B0 01 90 00 91 00 98 
01 99 02 4A 88 50 02 B0 70 47 C0 46 B0 12 00 00 
81 B0 01 46 68 46 01 70 00 78 02 49 08 60 01 B0 
70 47 C0 46 08 03 0B 40 81 B0 00 90 00 99 01 20 
C2 02 02 48 88 50 01 B0 70 47 C0 46 01 00 00 26 
81 B0 00 90 00 99 02 4A 02 48 88 50 01 B0 70 47 
04 08 00 00 03 00 00 B1 80 B5 82 B0 00 20 01 21 
01 91 FF F7 F3 FE 01 98 FF F7 18 FF 02 B0 80 BD 
81 B0 00 90 00 99 11 20 02 02 88 58 01 23 18 43 
88 50 01 B0 70 47 80 B5 82 B0 00 20 01 90 FF F7 
BF FF 01 98 FF F7 4C FF 02 B0 80 BD 81 B0 00 90 
00 98 02 49 40 58 C0 B2 01 B0 70 47 24 11 00 00 
02 48 03 49 08 60 DD E6 70 47 C0 46 00 18 00 00 
08 ED 00 E0 80 B5 FF F7 53 FE FF F7 0F FD FF F7 
DA FF FF F7 91 FD 80 BD 81 B0 00 90 00 98 81 21 
49 01 40 58 C0 B2 01 B0 70 47 10 B5 01 22 12 03 
83 18 0C 78 9C 60 49 78 81 50 10 BD 10 B5 00 23 
9A 42 03 D0 CC 5C C4 54 5B 1C F9 E7 10 BD 80 B5 
0B 46 03 21 42 58 C1 1D 18 46 00 F0 07 F8 80 BD 
81 1E 09 1F 00 BF FC D2 70 47 00 00 80 B5 FF F7 
E5 FF 80 BD 00 F0 03 F8 FE E7 FF E7 FE E7 00 BF 
70 47 01 20 70 47 00 00 00 00 18 00 00 00 00 30 
00 00 08 00 00 00 00 00 C1 18 00 00 5F 1F 00 00 
00 01 00 FF F0 00 00 00 B0 1F 00 00 00 00 00 20 
q
