@0000
00 80 20 20 FB 01 00 00 07 02 00 00 07 02 00 00
00 00 00 00 00 00 00 00 00 00 00 00 00 00 00 00
00 00 00 00 00 00 00 00 00 00 00 00 07 02 00 00
00 00 00 00 00 00 00 00 07 02 00 00 07 02 00 00
07 02 00 00 07 02 00 00 07 02 00 00 07 02 00 00
07 02 00 00 07 02 00 00 07 02 00 00 07 02 00 00
00 00 00 00 07 02 00 00 07 02 00 00 00 00 00 00
00 00 00 00 07 02 00 00 07 02 00 00 07 02 00 00
07 02 00 00 07 02 00 00 D5 01 00 00 07 02 00 00
07 02 00 00 07 02 00 00 00 00 00 00 00 00 00 00
07 02 00 00 07 02 00 00 00 00 00 00 00 00 00 00
07 02 00 00 00 00 00 00 07 02 00 00 07 02 00 00
B0 B5 14 48 14 49 41 60 14 4A 51 60 14 4B 59 60
14 49 01 60 11 60 19 60 10 20 00 F0 89 F8 12 48
81 21 01 60 01 25 E8 06 10 49 08 63 08 60 10 4C
10 49 20 46 00 F0 60 F8 0F 49 20 46 00 F0 3C F8
A8 06 0E 49 0A 68 02 43 0A 60 0D 48 05 60 0D 48
05 60 B0 BD 00 08 0A 40 03 00 00 B1 00 28 0A 40
00 08 86 40 01 00 00 26 E8 80 42 40 A0 32 0A 40
00 00 86 40 1C 02 00 00 08 02 00 00 28 10 86 40
B8 18 86 40 08 11 86 40 FF F7 BA FF 01 20 81 04
06 4A 11 60 06 49 0A 68 02 23 13 43 0B 60 05 49
0A 68 02 43 0A 60 30 BF FD E7 C0 46 00 E1 00 E0
10 ED 00 E0 04 18 86 40 10 B5 06 4A 83 18 8C 88
5C 60 0C 8A DC 60 CC 68 DC 62 0B 68 89 68 19 43
81 50 10 BD 04 18 00 00 06 48 80 F3 08 88 00 BF
00 BF 00 F0 2C F8 00 20 FF F7 CE FF 01 20 00 F0
28 F8 C0 46 00 80 20 20 10 B5 01 22 12 03 83 18
0C 78 9C 60 4B 78 83 50 89 78 01 4A 81 50 10 BD
0C 11 00 00 04 48 00 68 C0 B2 1B 28 03 D1 01 20
C0 06 02 49 08 60 70 47 20 10 86 40 B0 32 0A 40
80 1E 00 1F 00 BF FC D2 70 47 CD E7 70 47 01 20
70 47 00 BF FE E7 FE E7 02 00 00 00 20 11 00 00
00 00 00 00 00 00 00 00 00 00 00 00 02 00 00 00
q
