@0000
00 10 00 20 7B 02 00 00 87 02 00 00 87 02 00 00
00 00 00 00 00 00 00 00 00 00 00 00 00 00 00 00
00 00 00 00 00 00 00 00 00 00 00 00 87 02 00 00
00 00 00 00 00 00 00 00 87 02 00 00 87 02 00 00
87 02 00 00 87 02 00 00 87 02 00 00 00 00 00 00
87 02 00 00 00 00 00 00 00 00 00 00 00 00 00 00
00 00 00 00 87 02 00 00 00 00 00 00 00 00 00 00
00 00 00 00 87 02 00 00 00 00 00 00 87 02 00 00
41 02 00 00 00 00 00 00 87 02 00 00 00 00 00 00
87 02 00 00 00 00 00 00 00 00 00 00 00 00 00 00
87 02 00 00 87 02 00 00 00 00 00 00 00 00 00 00
00 00 00 00 00 00 00 00 00 00 00 00 87 02 00 00
80 B5 0A 48 01 68 03 22 91 43 01 60 41 68 0F 22
91 43 41 60 00 F0 74 F8 05 48 01 68 04 22 91 43
01 60 04 48 00 21 01 60 80 BD C0 46 00 01 0B 40
10 ED 00 E0 08 03 0B 40 10 B5 08 4C 08 49 20 46
00 F0 82 F8 07 49 20 46 00 F0 12 F8 06 48 01 68
01 22 11 43 01 60 05 48 02 60 10 BD 00 40 08 40
98 02 00 00 88 02 00 00 28 50 08 40 08 51 08 40
70 B5 09 4A 83 18 4C 88 5C 60 8C 89 DC 60 8C 68
06 4D 25 40 DC 6A 06 4E 26 40 74 19 DC 62 0B 78
09 79 19 43 81 50 70 BD 04 18 00 00 77 77 02 00
88 88 FD FF 00 F0 7A F8 01 20 01 04 06 4A 11 60
06 49 0A 68 02 23 13 43 0B 60 05 49 0A 68 02 43
0A 60 30 BF FD E7 C0 46 00 E1 00 E0 10 ED 00 E0
04 58 08 40 80 B5 06 48 06 49 41 60 06 4A 51 60
06 49 01 60 11 60 10 20 00 F0 62 F8 80 BD C0 46
00 08 0A 40 03 00 00 B1 00 48 08 40 01 00 00 26
01 20 81 02 06 4A 13 68 8B 43 13 60 00 05 51 68
81 43 51 60 03 48 01 68 89 03 FC D4 70 47 C0 46
00 01 0B 40 04 02 0B 40 06 48 80 F3 08 88 00 BF
00 BF 00 F0 44 F8 00 20 FF F7 B4 FF 01 20 00 F0
40 F8 C0 46 00 10 00 20 10 B5 01 22 12 03 83 18
0C 78 9C 60 4B 78 83 50 89 78 01 4A 81 50 10 BD
0C 11 00 00 04 48 81 21 01 60 01 20 40 03 03 49
08 60 08 63 70 47 C0 46 38 80 42 40 A0 12 0A 40
04 48 00 68 C0 B2 01 28 03 D1 01 20 40 03 02 49
08 60 70 47 20 50 08 40 B0 12 0A 40 80 B5 FF F7
99 FF FF F7 DF FF FF F7 2B FF FF F7 45 FF 80 BD
80 1E 00 1F 00 BF FC D2 70 47 B5 E7 70 47 01 20
70 47 00 BF FE E7 FE E7 02 00 23 F4 00 00 00 00
00 00 00 00 00 00 00 00 08 00 FF 00 00 00 00 00
q
